Rk,,Age,G,GS,MP,FG,FGA,FG%,3P,3PA,3P%,2P,2PA,2P%,eFG%,FT,FTA,FT%,ORB,DRB,TRB,AST,STL,BLK,TOV,PF,PTS/G
1,LeBron James,35,67,67,34.6,9.6,19.4,.493,2.2,6.3,.348,7.4,13.1,.564,.550,3.9,5.7,.693,1.0,6.9,7.8,10.2,1.2,0.5,3.9,1.8,25.3
2,Anthony Davis,26,62,62,34.4,8.9,17.7,.503,1.2,3.5,.330,7.7,14.2,.546,.536,7.2,8.5,.846,2.3,7.0,9.3,3.2,1.5,2.3,2.5,2.5,26.1
3,Kentavious Caldwell-Pope,26,69,26,25.5,3.4,7.3,.467,1.3,3.5,.385,2.1,3.9,.541,.558,1.1,1.5,.775,0.6,1.5,2.1,1.6,0.8,0.2,0.9,1.9,9.3
4,Kyle Kuzma,24,61,9,25.0,4.8,11.0,.436,1.4,4.5,.316,3.4,6.5,.518,.500,1.9,2.5,.735,0.9,3.6,4.5,1.3,0.5,0.4,1.5,2.1,12.8
5,Danny Green,32,68,68,24.8,2.9,7.0,.416,1.8,4.8,.367,1.1,2.2,.524,.542,0.5,0.7,.688,0.8,2.6,3.3,1.3,1.3,0.5,0.9,2.0,8.0
6,Avery Bradley,29,49,44,24.2,3.5,7.8,.444,1.3,3.5,.364,2.2,4.3,.510,.526,0.4,0.5,.833,0.4,2.0,2.3,1.3,0.9,0.1,1.0,2.2,8.6
7,Dion Waiters,28,7,0,23.6,4.4,10.4,.425,1.0,4.3,.233,3.4,6.1,.558,.473,2.0,2.3,.875,0.3,1.6,1.9,2.4,0.6,0.6,1.9,2.3,11.9
8,Rajon Rondo,33,48,3,20.5,2.9,6.8,.418,0.9,2.6,.328,2.0,4.2,.473,.480,0.6,0.9,.659,0.5,2.5,3.0,5.0,0.8,0.0,1.9,1.2,7.1
9,Dwight Howard,34,69,2,18.9,2.9,4.0,.729,0.0,0.1,.600,2.9,3.9,.732,.735,1.6,3.1,.514,2.5,4.9,7.3,0.7,0.4,1.1,1.2,3.2,7.5
10,Alex Caruso,25,64,2,18.4,1.9,4.5,.412,0.6,1.9,.333,1.3,2.7,.468,.481,1.1,1.5,.734,0.3,1.7,1.9,1.9,1.1,0.3,0.8,1.5,5.5
11,JaVale McGee,32,68,68,16.6,2.9,4.5,.637,0.0,0.1,.500,2.8,4.4,.640,.642,0.8,1.2,.646,1.8,3.9,5.7,0.5,0.5,1.4,0.8,2.3,6.6
12,Markieff Morris,30,14,1,14.2,2.0,4.9,.406,0.9,2.8,.333,1.1,2.1,.500,.500,0.4,0.4,.833,1.1,2.1,3.2,0.6,0.4,0.4,0.4,2.1,5.3
13,Talen Horton-Tucker,19,6,1,13.5,2.3,5.0,.467,0.7,2.2,.308,1.7,2.8,.588,.533,0.3,0.7,.500,0.3,0.8,1.2,1.0,1.3,0.2,1.0,1.7,5.7
14,J.R. Smith,34,6,0,13.2,1.2,3.7,.318,0.2,1.8,.091,1.0,1.8,.545,.341,0.3,0.3,1.000,0.0,0.8,0.8,0.5,0.2,0.0,0.7,0.8,2.8
15,Quinn Cook,26,44,1,11.5,2.1,4.9,.425,0.7,1.9,.365,1.4,2.9,.465,.498,0.3,0.3,.786,0.3,0.9,1.2,1.1,0.3,0.0,0.8,0.6,5.1
16,Troy Daniels,28,41,0,11.1,1.5,3.9,.392,1.0,2.7,.357,0.5,1.1,.478,.519,0.2,0.4,.625,0.3,0.8,1.1,0.3,0.2,0.1,0.2,0.7,4.2
17,Devontae Cacok,23,1,0,9.0,3.0,6.0,.500,0.0,0.0,,3.0,6.0,.500,.500,0.0,0.0,,2.0,3.0,5.0,1.0,0.0,0.0,0.0,0.0,6.0
18,Jared Dudley,34,45,1,8.1,0.5,1.3,.400,0.4,0.9,.429,0.1,0.4,.333,.550,0.0,0.0,1.000,0.1,1.0,1.2,0.6,0.3,0.1,0.2,0.9,1.5
19,Kostas Antetokounmpo,22,5,0,4.0,0.6,0.6,1.000,0.0,0.0,,0.6,0.6,1.000,1.000,0.2,0.4,.500,0.4,0.2,0.6,0.4,0.0,0.0,0.2,0.4,1.4
20,Zach Norvell,22,2,0,2.5,0.0,0.5,.000,0.0,0.0,,0.0,0.5,.000,.000,0.0,0.0,,0.0,0.5,0.5,0.0,0.0,0.0,0.0,0.0,0.0
